$ANSIBLE_VAULT;1.1;AES256
39646262323830623835333932353739366261366261353262376534633063626435313938643638
3064663234613037323165653834663361353465383137360a616533643532323061353861363735
31346564666536373237346361353134343339353137303733346635366336313236383536343361
3435656565613835610a386132313131333466373230396266626563303765656638366461353761
64666632356130616535353536373238353732333263666235333239616238393738363436663338
34653733316562346638303937316465303236643039613565373437623663393530306535326535
39666164663838316238366330633562366531323338393831613534343030316439316131636361
61646665663830323765386464326261323739316639363733613063663139623934366363313461
36383565393334653466623835633166326430306239626664626334373335383962393365363361
38303134643732613939323935616564646230346435626463306162363063353931396139363733
32313730366161636664363636623138656632636563613962353561386338303562633836626238
65306561666266353235366137346433653438643266633039333264653838383134346664326131
37346233613962366164666565336637343738313039386633376464636563396434616332616365
66663939303734376161653232336235373337633932666361333964643263613663643766333837
38666665346139303439363830306335393539393865643765363264313663653136663933636238
30313635326338346635376266643836396663313265663936343333356638626138373631616266
63643964646565613064366637663839316535653336666239383561356436613362373639313366
38346266393432383563326530343734383664633032616166633930373564623261663330336436
31363832623461383164343430343030313133383665616331623664653466323933663266643862
61313938306531636537303562333831323939653463663639633236643937656238613431306236
34316233646632613465306137333163613164613336383739373065303964323131656132653463
64333936353232646634393637303364666337376265306539383231303462643762326237613965
31306131633034666163636332623633666637653866616131616163663333346530303536653735
37633530366561363963663133373763616639636338633966396238643936316436356532363463
62633661363734373737316664323664313735313664386330393930346137313265643965396162
32316431666165623433656234353831363630623434386633373164663338333665373634326136
393732383362303431613936663862656664
