$ANSIBLE_VAULT;1.1;AES256
34616264633131613231313034613034333664373239323464346464656539633038633333343062
3162613263613835646535653261383434356664663564370a366561373264663532383839633064
32363630353735303062376263636565386437613930613233333562383264666534343336383735
3237356435373365330a643364376635306534616534613434336635363831303338623366316430
66326232316230333534666537616666363039393534636166356139656438306435653664356562
36366235613339323564393435356162363865323432396132393834656662323539316134636435
35326636306335316131653564636238613031346461636537313466643330653963333436366131
61336466643234346533633037353435316565373138376262356462383935633130613736623036
34343162373039663162616334316230643636363365393162343838336264373965653533306130
66633631626430613433393533656334633963316535663065386537363666343466326538623033
61353561376335613061626532386566303363303563613566616436663563393262626364666462
63303330396561376164646138613164396163373731626230356262303430313666626530616636
63393430626461346338656261306431663561643637346535343037356537313733616331646438
37646532306264633364623832303433323761623535313930336235343961336462363339636433
36623664303439653730303437383935393966333031646132313966333535343634306138626339
38373936323930646564613334653133653639643232376633343334323233373766393230383437
34633463323537303464313632643730616338666533633466653637393266393138363539386531
66303064643834303838316530376234636330306461613065633434633761353037653435373639
34643864383233343963313535653837353134643136633139656262646562303936323736666431
37386135343462353237346462383238393838623131326263623236613835366333613635313363
32346232396638656338626463323331303662393637393966313061366633303665316663393762
39346333386233366261323735613264653265343539653036313161626639636164663236336435
61303464336537646163356530616166383666613663643234343731356662356136383865393937
36646533626237346166653966323665373733323735613038353239643836633762653431656430
32633362363036626630616361333834626664383939343733356261356634643235383335313130
64306235613031323335316436386566306132663030656664333733663864636635663432613438
376332343230363064636431323033666662
